{
 "cells": [
  {
   "cell_type": "code",
   "execution_count": 2,
   "metadata": {},
   "outputs": [
    {
     "name": "stdout",
     "output_type": "stream",
     "text": [
      "[[0. 1. 2. 3. 4.]\n",
      " [0. 1. 2. 3. 4.]\n",
      " [0. 1. 2. 3. 4.]\n",
      " [0. 1. 2. 3. 4.]\n",
      " [0. 1. 2. 3. 4.]]\n",
      "[0. 1. 2. 3. 4. 5. 6. 7. 8. 9.]\n",
      "[0.09090909 0.18181818 0.27272727 0.36363636 0.45454545 0.54545455\n",
      " 0.63636364 0.72727273 0.81818182 0.90909091]\n",
      "[0.09015467 0.16634005 0.24572233 0.27289337 0.42150177 0.58462052\n",
      " 0.63235989 0.64593405 0.74858406 0.75300373]\n",
      "False\n",
      "False\n",
      "[0.29335647 0.97146619 0.83320355 0.43690511 1.2719909  1.27705886\n",
      " 0.65290665 0.59268876 1.01603443 1.02996593]\n",
      "[0.47268673 0.2362491  0.22407991 0.56499016 0.81467788 0.82569346\n",
      " 0.0101807  0.44830144 0.90589482 0.24681162]\n",
      "[0.28080092 0.0403752  0.43799339 0.21291834 0.20010057 0.\n",
      " 0.61363933 0.55361903 0.72682332 0.62048097]\n",
      "[[(0.  , 0.  ) (0.25, 0.  ) (0.5 , 0.  ) (0.75, 0.  ) (1.  , 0.  )]\n",
      " [(0.  , 0.25) (0.25, 0.25) (0.5 , 0.25) (0.75, 0.25) (1.  , 0.25)]\n",
      " [(0.  , 0.5 ) (0.25, 0.5 ) (0.5 , 0.5 ) (0.75, 0.5 ) (1.  , 0.5 )]\n",
      " [(0.  , 0.75) (0.25, 0.75) (0.5 , 0.75) (0.75, 0.75) (1.  , 0.75)]\n",
      " [(0.  , 1.  ) (0.25, 1.  ) (0.5 , 1.  ) (0.75, 1.  ) (1.  , 1.  )]]\n",
      "3638.163637117973\n",
      "-128\n",
      "127\n",
      "-2147483648\n",
      "2147483647\n",
      "-9223372036854775808\n",
      "9223372036854775807\n",
      "-3.4028235e+38\n",
      "3.4028235e+38\n",
      "1.1920929e-07\n",
      "-1.7976931348623157e+308\n",
      "1.7976931348623157e+308\n",
      "2.220446049250313e-16\n",
      "27\n",
      "[((0., 0.), (0., 0., 0.)) ((0., 0.), (0., 0., 0.))\n",
      " ((0., 0.), (0., 0., 0.)) ((0., 0.), (0., 0., 0.))\n",
      " ((0., 0.), (0., 0., 0.)) ((0., 0.), (0., 0., 0.))\n",
      " ((0., 0.), (0., 0., 0.)) ((0., 0.), (0., 0., 0.))\n",
      " ((0., 0.), (0., 0., 0.)) ((0., 0.), (0., 0., 0.))]\n",
      "[[0.         0.71641434 0.31909943 0.20176462 0.05417037 0.26831579\n",
      "  0.81964052 0.08007074 0.85047673 0.44811079]\n",
      " [0.71641434 0.         0.46575905 0.64545714 0.67020886 0.5732111\n",
      "  0.10322628 0.7358171  0.14203504 0.88781964]\n",
      " [0.31909943 0.46575905 0.         0.18318553 0.26493652 0.10764328\n",
      "  0.56407009 0.37595874 0.5807841  0.68633465]\n",
      " [0.20176462 0.64545714 0.18318553 0.         0.15801767 0.08619428\n",
      "  0.74528038 0.27919142 0.76362709 0.63991173]\n",
      " [0.05417037 0.67020886 0.26493652 0.15801767 0.         0.21737053\n",
      "  0.77336617 0.12274218 0.80252859 0.48261784]\n",
      " [0.26831579 0.5732111  0.10764328 0.08619428 0.21737053 0.\n",
      "  0.67097857 0.3394935  0.68610345 0.68496144]\n",
      " [0.81964052 0.10322628 0.56407009 0.74528038 0.77336617 0.67097857\n",
      "  0.         0.83851008 0.05903812 0.97843278]\n",
      " [0.08007074 0.7358171  0.37595874 0.27919142 0.12274218 0.3394935\n",
      "  0.83851008 0.         0.87381251 0.36831473]\n",
      " [0.85047673 0.14203504 0.5807841  0.76362709 0.80252859 0.68610345\n",
      "  0.05903812 0.87381251 0.         1.0283443 ]\n",
      " [0.44811079 0.88781964 0.68633465 0.63991173 0.48261784 0.68496144\n",
      "  0.97843278 0.36831473 1.0283443  0.        ]]\n",
      "[[0.         0.71641434 0.31909943 0.20176462 0.05417037 0.26831579\n",
      "  0.81964052 0.08007074 0.85047673 0.44811079]\n",
      " [0.71641434 0.         0.46575905 0.64545714 0.67020886 0.5732111\n",
      "  0.10322628 0.7358171  0.14203504 0.88781964]\n",
      " [0.31909943 0.46575905 0.         0.18318553 0.26493652 0.10764328\n",
      "  0.56407009 0.37595874 0.5807841  0.68633465]\n",
      " [0.20176462 0.64545714 0.18318553 0.         0.15801767 0.08619428\n",
      "  0.74528038 0.27919142 0.76362709 0.63991173]\n",
      " [0.05417037 0.67020886 0.26493652 0.15801767 0.         0.21737053\n",
      "  0.77336617 0.12274218 0.80252859 0.48261784]\n",
      " [0.26831579 0.5732111  0.10764328 0.08619428 0.21737053 0.\n",
      "  0.67097857 0.3394935  0.68610345 0.68496144]\n",
      " [0.81964052 0.10322628 0.56407009 0.74528038 0.77336617 0.67097857\n",
      "  0.         0.83851008 0.05903812 0.97843278]\n",
      " [0.08007074 0.7358171  0.37595874 0.27919142 0.12274218 0.3394935\n",
      "  0.83851008 0.         0.87381251 0.36831473]\n",
      " [0.85047673 0.14203504 0.5807841  0.76362709 0.80252859 0.68610345\n",
      "  0.05903812 0.87381251 0.         1.0283443 ]\n",
      " [0.44811079 0.88781964 0.68633465 0.63991173 0.48261784 0.68496144\n",
      "  0.97843278 0.36831473 1.0283443  0.        ]]\n",
      "[0. 1. 2. 3. 4. 5. 6. 7. 8. 9.]\n",
      "(0, 0) 0\n",
      "(0, 1) 1\n",
      "(0, 2) 2\n",
      "(1, 0) 3\n",
      "(1, 1) 4\n",
      "(1, 2) 5\n",
      "(2, 0) 6\n",
      "(2, 1) 7\n",
      "(2, 2) 8\n",
      "(0, 0) 0\n",
      "(0, 1) 1\n",
      "(0, 2) 2\n",
      "(1, 0) 3\n",
      "(1, 1) 4\n",
      "(1, 2) 5\n",
      "(2, 0) 6\n",
      "(2, 1) 7\n",
      "(2, 2) 8\n",
      "[[0.36787944 0.44822088 0.51979489 0.57375342 0.60279818 0.60279818\n",
      "  0.57375342 0.51979489 0.44822088 0.36787944]\n",
      " [0.44822088 0.54610814 0.63331324 0.69905581 0.73444367 0.73444367\n",
      "  0.69905581 0.63331324 0.54610814 0.44822088]\n",
      " [0.51979489 0.63331324 0.73444367 0.81068432 0.85172308 0.85172308\n",
      "  0.81068432 0.73444367 0.63331324 0.51979489]\n",
      " [0.57375342 0.69905581 0.81068432 0.89483932 0.9401382  0.9401382\n",
      "  0.89483932 0.81068432 0.69905581 0.57375342]\n",
      " [0.60279818 0.73444367 0.85172308 0.9401382  0.98773022 0.98773022\n",
      "  0.9401382  0.85172308 0.73444367 0.60279818]\n",
      " [0.60279818 0.73444367 0.85172308 0.9401382  0.98773022 0.98773022\n",
      "  0.9401382  0.85172308 0.73444367 0.60279818]\n",
      " [0.57375342 0.69905581 0.81068432 0.89483932 0.9401382  0.9401382\n",
      "  0.89483932 0.81068432 0.69905581 0.57375342]\n",
      " [0.51979489 0.63331324 0.73444367 0.81068432 0.85172308 0.85172308\n",
      "  0.81068432 0.73444367 0.63331324 0.51979489]\n",
      " [0.44822088 0.54610814 0.63331324 0.69905581 0.73444367 0.73444367\n",
      "  0.69905581 0.63331324 0.54610814 0.44822088]\n",
      " [0.36787944 0.44822088 0.51979489 0.57375342 0.60279818 0.60279818\n",
      "  0.57375342 0.51979489 0.44822088 0.36787944]]\n",
      "[[0. 0. 0. 0. 0. 0. 0. 1. 0. 0.]\n",
      " [0. 0. 0. 0. 0. 0. 1. 0. 0. 0.]\n",
      " [0. 0. 0. 0. 0. 0. 0. 0. 0. 0.]\n",
      " [0. 0. 0. 0. 0. 0. 0. 0. 0. 0.]\n",
      " [0. 0. 0. 0. 0. 0. 0. 0. 0. 0.]\n",
      " [0. 0. 0. 0. 0. 0. 0. 0. 0. 0.]\n",
      " [0. 0. 0. 0. 0. 0. 0. 0. 0. 0.]\n",
      " [0. 0. 0. 0. 0. 0. 0. 0. 0. 0.]\n",
      " [1. 0. 0. 0. 0. 0. 0. 0. 0. 0.]\n",
      " [0. 0. 0. 0. 0. 0. 0. 0. 0. 0.]]\n",
      "[[ 0.2715505   0.29750622 -0.33114221  0.32401082 -0.05689286 -0.25580969\n",
      "   0.06103738 -0.16685115  0.09737791 -0.24078691]\n",
      " [ 0.21193646 -0.12481539 -0.1168646   0.37715935 -0.01892241 -0.24749652\n",
      "  -0.00371193  0.17443266 -0.33775568  0.08603805]\n",
      " [-0.15333484 -0.29481403  0.26013157  0.26423356 -0.02621721  0.44448792\n",
      "  -0.43728391  0.01210733  0.33241418 -0.40172458]\n",
      " [ 0.48995123  0.37833165 -0.1133904   0.23392678  0.03102712 -0.29890889\n",
      "  -0.17015443 -0.18657805 -0.01514203 -0.34906299]\n",
      " [ 0.12161878 -0.17866906  0.03789521  0.36953141 -0.1717138  -0.1135867\n",
      "   0.08836117 -0.30035507 -0.33064436  0.47756243]]\n",
      "[[ 0.2715505   0.29750622 -0.33114221  0.32401082 -0.05689286 -0.25580969\n",
      "   0.06103738 -0.16685115  0.09737791 -0.24078691]\n",
      " [ 0.21193646 -0.12481539 -0.1168646   0.37715935 -0.01892241 -0.24749652\n",
      "  -0.00371193  0.17443266 -0.33775568  0.08603805]\n",
      " [-0.15333484 -0.29481403  0.26013157  0.26423356 -0.02621721  0.44448792\n",
      "  -0.43728391  0.01210733  0.33241418 -0.40172458]\n",
      " [ 0.48995123  0.37833165 -0.1133904   0.23392678  0.03102712 -0.29890889\n",
      "  -0.17015443 -0.18657805 -0.01514203 -0.34906299]\n",
      " [ 0.12161878 -0.17866906  0.03789521  0.36953141 -0.1717138  -0.1135867\n",
      "   0.08836117 -0.30035507 -0.33064436  0.47756243]]\n",
      "[[3 0 8]\n",
      " [0 6 7]\n",
      " [4 3 8]]\n",
      "[[3 0 8]\n",
      " [4 3 8]\n",
      " [0 6 7]]\n",
      "False\n",
      "0.5020031274565253\n",
      "[[0 1 2]\n",
      " [1 2 3]\n",
      " [2 3 4]]\n",
      "range_10\n",
      "[1. 1. 4. 2. 2. 6. 3. 5. 4. 2.]\n",
      "[ 1.  1.  7.  3.  3. 11.  5.  9.  7.  3.]\n",
      "[0. 7. 0. 6. 5. 0. 0. 0. 0. 3.]\n",
      "8\n",
      "[[31 51 59 46]\n",
      " [55 42 43 55]\n",
      " [56 57 48 56]]\n",
      "[[31 51 59 46]\n",
      " [55 42 43 55]\n",
      " [56 57 48 56]]\n",
      "[0.27488167 0.44118808 0.41434539 0.43812304 0.39338358 0.43277318\n",
      " 0.67328194 0.49468013 0.72919421 0.37656408]\n",
      "0    0.274882\n",
      "1    0.441188\n",
      "2    0.414345\n",
      "3    0.438123\n",
      "4    0.393384\n",
      "5    0.432773\n",
      "6    0.673282\n",
      "7    0.494680\n",
      "8    0.729194\n",
      "9    0.376564\n",
      "dtype: float64\n",
      "[1. 0. 0. 0. 2. 0. 0. 0. 3. 0. 0. 0. 4. 0. 0. 0. 5.]\n",
      "[[[2. 2. 2.]\n",
      "  [2. 2. 2.]\n",
      "  [2. 2. 2.]\n",
      "  [2. 2. 2.]\n",
      "  [2. 2. 2.]]\n",
      "\n",
      " [[2. 2. 2.]\n",
      "  [2. 2. 2.]\n",
      "  [2. 2. 2.]\n",
      "  [2. 2. 2.]\n",
      "  [2. 2. 2.]]\n",
      "\n",
      " [[2. 2. 2.]\n",
      "  [2. 2. 2.]\n",
      "  [2. 2. 2.]\n",
      "  [2. 2. 2.]\n",
      "  [2. 2. 2.]]\n",
      "\n",
      " [[2. 2. 2.]\n",
      "  [2. 2. 2.]\n",
      "  [2. 2. 2.]\n",
      "  [2. 2. 2.]\n",
      "  [2. 2. 2.]]\n",
      "\n",
      " [[2. 2. 2.]\n",
      "  [2. 2. 2.]\n",
      "  [2. 2. 2.]\n",
      "  [2. 2. 2.]\n",
      "  [2. 2. 2.]]]\n",
      "[[ 5  6  7  8  9]\n",
      " [ 0  1  2  3  4]\n",
      " [10 11 12 13 14]\n",
      " [15 16 17 18 19]\n",
      " [20 21 22 23 24]]\n",
      "[( 8, 35) ( 8, 46) (11, 37) (11, 76) (13, 19) (13, 24) (15, 63) (15, 69)\n",
      " (19, 24) (24, 28) (24, 58) (25, 60) (25, 97) (28, 58) (28, 66) (28, 81)\n",
      " (32, 62) (32, 91) (35, 46) (37, 76) (54, 55) (54, 62) (55, 62) (59, 59)\n",
      " (59, 96) (60, 97) (62, 91) (63, 69) (66, 81)]\n",
      "[1 1 2 3 4 4 6]\n",
      "[ 1.  2.  3.  4.  5.  6.  7.  8.  9. 10. 11. 12. 13. 14. 15. 16. 17. 18.]\n",
      "[[0 1 2]\n",
      " [1 2 3]\n",
      " [2 3 4]\n",
      " [3 4 5]\n",
      " [4 5 6]\n",
      " [5 6 7]\n",
      " [6 7 8]\n",
      " [7 8 9]]\n",
      "[4.15266262 2.55511544 5.5622603  2.88113798 0.20493792 1.92613033\n",
      " 8.27031979 3.62871096 4.54237491 3.02762029]\n",
      "[[2.08031364e+00 1.35271274e+00 5.07160997e+00 1.20619858e+01\n",
      "  1.25828976e+00 1.61177079e+00 1.15829143e+00 9.04416721e+00\n",
      "  5.52423696e+00 3.41970018e+00]\n",
      " [7.39335966e+00 3.63214323e+00 1.03990578e+01 1.71663545e+01\n",
      "  5.37476873e+00 4.28800317e+00 6.20941871e+00 1.43443686e+01\n",
      "  1.07330478e+01 5.28485717e+00]\n",
      " [3.27452194e+00 8.76672473e+00 1.10673089e+00 4.86778465e+00\n",
      "  6.70289389e+00 3.31872469e+00 6.14368896e+00 2.57945393e+00\n",
      "  1.38483008e+00 6.40683031e+00]\n",
      " [1.11306423e+01 1.21292986e+01 7.62735916e+00 7.57825241e-01\n",
      "  6.39592088e+00 8.02498458e+00 9.90416732e+00 3.37454537e+00\n",
      "  6.30397330e+00 4.51363159e+00]\n",
      " [1.55159534e+01 1.84014688e+01 1.27549467e+01 5.30578520e+00\n",
      "  1.32355270e+01 6.25758397e+00 1.60695872e+01 8.76298546e+00\n",
      "  1.21013217e+01 1.65901740e+00]\n",
      " [3.02191143e+00 4.41067718e+00 5.40847480e-01 8.64307513e+00\n",
      "  6.33159834e-02 4.14467091e+00 2.09269144e+00 4.76662382e+00\n",
      "  1.72258101e+00 1.89262177e+00]\n",
      " [5.55246766e+00 7.81744303e-01 7.64373290e+00 1.30935717e+01\n",
      "  3.37235129e-01 8.31183987e+00 1.97359799e+00 1.12456823e+01\n",
      "  7.06295113e+00 1.01098971e+01]\n",
      " [6.25982890e+00 1.36773664e+01 4.81427032e+00 1.90360291e-01\n",
      "  1.23812222e+01 5.70285928e+00 1.09337094e+01 1.38981406e+00\n",
      "  5.77631294e+00 9.65516356e+00]\n",
      " [9.26081782e-01 1.02780941e+01 9.35507004e-03 3.93812018e+00\n",
      "  1.08089305e+01 1.13472510e+01 7.34781535e+00 3.17698914e+00\n",
      "  1.66152623e+00 1.47960673e+01]\n",
      " [1.29861475e+00 9.64411641e+00 4.99863383e-02 4.42369450e+00\n",
      "  9.52873513e+00 9.34719401e+00 6.79207323e+00 3.26741531e+00\n",
      "  1.34392956e+00 1.26624635e+01]]\n",
      "[[1 1 4 9 6 0 3 1 2 0]\n",
      " [8 8 2 7 4 9 0 1 0 0]\n",
      " [0 6 8 7 9 0 4 5 0 5]\n",
      " [2 4 9 0 3 6 4 7 7 8]\n",
      " [2 9 0 0 6 3 3 0 4 6]\n",
      " [2 6 0 7 8 3 5 3 1 8]\n",
      " [6 5 3 6 5 4 4 2 2 8]\n",
      " [6 3 5 5 1 7 4 1 4 4]\n",
      " [0 9 0 2 0 0 6 7 3 9]\n",
      " [9 1 8 6 5 2 9 9 4 7]]\n",
      "[[0 0 0 0 0]\n",
      " [0 1 1 4 9]\n",
      " [0 8 8 2 7]\n",
      " [0 0 6 8 7]\n",
      " [0 2 4 9 0]]\n",
      "[[ 1  2  3  4]\n",
      " [ 2  3  4  5]\n",
      " [ 3  4  5  6]\n",
      " [ 4  5  6  7]\n",
      " [ 5  6  7  8]\n",
      " [ 6  7  8  9]\n",
      " [ 7  8  9 10]\n",
      " [ 8  9 10 11]\n",
      " [ 9 10 11 12]\n",
      " [10 11 12 13]\n",
      " [11 12 13 14]]\n",
      "10\n",
      "9\n",
      "[[[[1 2 2]\n",
      "   [3 3 1]\n",
      "   [4 4 3]]\n",
      "\n",
      "  [[2 2 0]\n",
      "   [3 1 2]\n",
      "   [4 3 4]]\n",
      "\n",
      "  [[2 0 2]\n",
      "   [1 2 3]\n",
      "   [3 4 1]]\n",
      "\n",
      "  [[0 2 4]\n",
      "   [2 3 2]\n",
      "   [4 1 2]]\n",
      "\n",
      "  [[2 4 4]\n",
      "   [3 2 4]\n",
      "   [1 2 0]]\n",
      "\n",
      "  [[4 4 1]\n",
      "   [2 4 2]\n",
      "   [2 0 2]]\n",
      "\n",
      "  [[4 1 2]\n",
      "   [4 2 3]\n",
      "   [0 2 2]]\n",
      "\n",
      "  [[1 2 1]\n",
      "   [2 3 4]\n",
      "   [2 2 2]]]\n",
      "\n",
      "\n",
      " [[[3 3 1]\n",
      "   [4 4 3]\n",
      "   [1 1 0]]\n",
      "\n",
      "  [[3 1 2]\n",
      "   [4 3 4]\n",
      "   [1 0 3]]\n",
      "\n",
      "  [[1 2 3]\n",
      "   [3 4 1]\n",
      "   [0 3 1]]\n",
      "\n",
      "  [[2 3 2]\n",
      "   [4 1 2]\n",
      "   [3 1 1]]\n",
      "\n",
      "  [[3 2 4]\n",
      "   [1 2 0]\n",
      "   [1 1 2]]\n",
      "\n",
      "  [[2 4 2]\n",
      "   [2 0 2]\n",
      "   [1 2 4]]\n",
      "\n",
      "  [[4 2 3]\n",
      "   [0 2 2]\n",
      "   [2 4 4]]\n",
      "\n",
      "  [[2 3 4]\n",
      "   [2 2 2]\n",
      "   [4 4 3]]]\n",
      "\n",
      "\n",
      " [[[4 4 3]\n",
      "   [1 1 0]\n",
      "   [3 4 3]]\n",
      "\n",
      "  [[4 3 4]\n",
      "   [1 0 3]\n",
      "   [4 3 0]]\n",
      "\n",
      "  [[3 4 1]\n",
      "   [0 3 1]\n",
      "   [3 0 3]]\n",
      "\n",
      "  [[4 1 2]\n",
      "   [3 1 1]\n",
      "   [0 3 4]]\n",
      "\n",
      "  [[1 2 0]\n",
      "   [1 1 2]\n",
      "   [3 4 2]]\n",
      "\n",
      "  [[2 0 2]\n",
      "   [1 2 4]\n",
      "   [4 2 3]]\n",
      "\n",
      "  [[0 2 2]\n",
      "   [2 4 4]\n",
      "   [2 3 1]]\n",
      "\n",
      "  [[2 2 2]\n",
      "   [4 4 3]\n",
      "   [3 1 4]]]\n",
      "\n",
      "\n",
      " [[[1 1 0]\n",
      "   [3 4 3]\n",
      "   [3 1 3]]\n",
      "\n",
      "  [[1 0 3]\n",
      "   [4 3 0]\n",
      "   [1 3 4]]\n",
      "\n",
      "  [[0 3 1]\n",
      "   [3 0 3]\n",
      "   [3 4 4]]\n",
      "\n",
      "  [[3 1 1]\n",
      "   [0 3 4]\n",
      "   [4 4 3]]\n",
      "\n",
      "  [[1 1 2]\n",
      "   [3 4 2]\n",
      "   [4 3 3]]\n",
      "\n",
      "  [[1 2 4]\n",
      "   [4 2 3]\n",
      "   [3 3 3]]\n",
      "\n",
      "  [[2 4 4]\n",
      "   [2 3 1]\n",
      "   [3 3 0]]\n",
      "\n",
      "  [[4 4 3]\n",
      "   [3 1 4]\n",
      "   [3 0 3]]]\n",
      "\n",
      "\n",
      " [[[3 4 3]\n",
      "   [3 1 3]\n",
      "   [1 4 3]]\n",
      "\n",
      "  [[4 3 0]\n",
      "   [1 3 4]\n",
      "   [4 3 3]]\n",
      "\n",
      "  [[3 0 3]\n",
      "   [3 4 4]\n",
      "   [3 3 1]]\n",
      "\n",
      "  [[0 3 4]\n",
      "   [4 4 3]\n",
      "   [3 1 0]]\n",
      "\n",
      "  [[3 4 2]\n",
      "   [4 3 3]\n",
      "   [1 0 2]]\n",
      "\n",
      "  [[4 2 3]\n",
      "   [3 3 3]\n",
      "   [0 2 0]]\n",
      "\n",
      "  [[2 3 1]\n",
      "   [3 3 0]\n",
      "   [2 0 3]]\n",
      "\n",
      "  [[3 1 4]\n",
      "   [3 0 3]\n",
      "   [0 3 2]]]\n",
      "\n",
      "\n",
      " [[[3 1 3]\n",
      "   [1 4 3]\n",
      "   [3 1 3]]\n",
      "\n",
      "  [[1 3 4]\n",
      "   [4 3 3]\n",
      "   [1 3 4]]\n",
      "\n",
      "  [[3 4 4]\n",
      "   [3 3 1]\n",
      "   [3 4 1]]\n",
      "\n",
      "  [[4 4 3]\n",
      "   [3 1 0]\n",
      "   [4 1 0]]\n",
      "\n",
      "  [[4 3 3]\n",
      "   [1 0 2]\n",
      "   [1 0 1]]\n",
      "\n",
      "  [[3 3 3]\n",
      "   [0 2 0]\n",
      "   [0 1 4]]\n",
      "\n",
      "  [[3 3 0]\n",
      "   [2 0 3]\n",
      "   [1 4 2]]\n",
      "\n",
      "  [[3 0 3]\n",
      "   [0 3 2]\n",
      "   [4 2 0]]]\n",
      "\n",
      "\n",
      " [[[1 4 3]\n",
      "   [3 1 3]\n",
      "   [2 2 0]]\n",
      "\n",
      "  [[4 3 3]\n",
      "   [1 3 4]\n",
      "   [2 0 1]]\n",
      "\n",
      "  [[3 3 1]\n",
      "   [3 4 1]\n",
      "   [0 1 2]]\n",
      "\n",
      "  [[3 1 0]\n",
      "   [4 1 0]\n",
      "   [1 2 1]]\n",
      "\n",
      "  [[1 0 2]\n",
      "   [1 0 1]\n",
      "   [2 1 2]]\n",
      "\n",
      "  [[0 2 0]\n",
      "   [0 1 4]\n",
      "   [1 2 2]]\n",
      "\n",
      "  [[2 0 3]\n",
      "   [1 4 2]\n",
      "   [2 2 2]]\n",
      "\n",
      "  [[0 3 2]\n",
      "   [4 2 0]\n",
      "   [2 2 4]]]\n",
      "\n",
      "\n",
      " [[[3 1 3]\n",
      "   [2 2 0]\n",
      "   [0 1 3]]\n",
      "\n",
      "  [[1 3 4]\n",
      "   [2 0 1]\n",
      "   [1 3 2]]\n",
      "\n",
      "  [[3 4 1]\n",
      "   [0 1 2]\n",
      "   [3 2 1]]\n",
      "\n",
      "  [[4 1 0]\n",
      "   [1 2 1]\n",
      "   [2 1 4]]\n",
      "\n",
      "  [[1 0 1]\n",
      "   [2 1 2]\n",
      "   [1 4 0]]\n",
      "\n",
      "  [[0 1 4]\n",
      "   [1 2 2]\n",
      "   [4 0 2]]\n",
      "\n",
      "  [[1 4 2]\n",
      "   [2 2 2]\n",
      "   [0 2 0]]\n",
      "\n",
      "  [[4 2 0]\n",
      "   [2 2 4]\n",
      "   [2 0 2]]]]\n",
      "[[ 5 14  8  7 13]\n",
      " [14  8 11  2 11]\n",
      " [ 8 11  0 42 10]\n",
      " [ 7  2 42  0  2]\n",
      " [13 11 10  2  5]]\n",
      "[[200.]\n",
      " [200.]\n",
      " [200.]\n",
      " [200.]\n",
      " [200.]\n",
      " [200.]\n",
      " [200.]\n",
      " [200.]\n",
      " [200.]\n",
      " [200.]\n",
      " [200.]\n",
      " [200.]\n",
      " [200.]\n",
      " [200.]\n",
      " [200.]\n",
      " [200.]\n",
      " [200.]\n",
      " [200.]\n",
      " [200.]\n",
      " [200.]]\n",
      "[[16. 16. 16. 16.]\n",
      " [16. 16. 16. 16.]\n",
      " [16. 16. 16. 16.]\n",
      " [16. 16. 16. 16.]]\n",
      "[[0 0 0 ... 0 0 0]\n",
      " [0 0 0 ... 0 0 0]\n",
      " [0 0 0 ... 0 0 0]\n",
      " ...\n",
      " [0 0 0 ... 0 0 0]\n",
      " [0 0 0 ... 0 0 0]\n",
      " [0 0 0 ... 0 0 0]]\n",
      "[9995 9996 9997 9998 9999]\n",
      "[9998 9999 9997 9996 9995]\n",
      "[[1 4 6]\n",
      " [1 4 7]\n",
      " [1 5 6]\n",
      " [1 5 7]\n",
      " [2 4 6]\n",
      " [2 4 7]\n",
      " [2 5 6]\n",
      " [2 5 7]\n",
      " [3 4 6]\n",
      " [3 4 7]\n",
      " [3 5 6]\n",
      " [3 5 7]]\n",
      "[(b'Hello', 2.5, 3) (b'World', 3.6, 2)]\n",
      "[1 3 6 7]\n",
      "[[3 1 4]\n",
      " [2 4 0]\n",
      " [3 2 1]\n",
      " [2 3 1]\n",
      " [0 2 2]\n",
      " [0 4 1]\n",
      " [4 2 4]\n",
      " [2 3 1]\n",
      " [0 4 4]\n",
      " [0 3 0]]\n",
      "[[3 1 4]\n",
      " [2 4 0]\n",
      " [3 2 1]\n",
      " [2 3 1]\n",
      " [0 2 2]\n",
      " [0 4 1]\n",
      " [4 2 4]\n",
      " [2 3 1]\n",
      " [0 4 4]\n",
      " [0 3 0]]\n",
      "[[3 1 4]\n",
      " [2 4 0]\n",
      " [3 2 1]\n",
      " [2 3 1]\n",
      " [0 2 2]\n",
      " [0 4 1]\n",
      " [4 2 4]\n",
      " [2 3 1]\n",
      " [0 4 4]\n",
      " [0 3 0]]\n",
      "[[0 0 0 0 0 0 0 0]\n",
      " [0 0 0 0 0 0 0 1]\n",
      " [0 0 0 0 0 0 1 0]\n",
      " [0 0 0 0 0 0 1 1]\n",
      " [0 0 0 0 1 1 1 1]\n",
      " [0 0 0 1 0 0 0 0]\n",
      " [0 0 1 0 0 0 0 0]\n",
      " [0 1 0 0 0 0 0 0]\n",
      " [1 0 0 0 0 0 0 0]]\n",
      "[[0 0 1]\n",
      " [0 1 1]\n",
      " [1 0 1]]\n",
      "sum\n",
      "6.970367656137203\n",
      "A * B\n",
      "[0.28150026 0.04028244 0.71134693 0.05073196 0.26150428 0.03577792\n",
      " 0.57541243 0.35094512 0.23669151 0.62323029]\n",
      "inner\n",
      "3.1674231434015114\n",
      "outer\n",
      "[[0.28150026 0.02068196 0.34699194 0.02132855 0.27373454 0.03208212\n",
      "  0.34148706 0.13558966 0.10901794 0.27718214]\n",
      " [0.54828067 0.04028244 0.67583943 0.04154181 0.53315532 0.06248663\n",
      "  0.66511752 0.26408924 0.21233525 0.53987024]\n",
      " [0.57708644 0.04239882 0.71134693 0.04372435 0.56116642 0.06576958\n",
      "  0.70006171 0.27796405 0.22349099 0.56823413]\n",
      " [0.66957486 0.04919399 0.825353   0.05073196 0.65110338 0.07631033\n",
      "  0.81225912 0.32251276 0.25930942 0.65930382]\n",
      " [0.26892302 0.0197579  0.33148858 0.0203756  0.26150428 0.03064871\n",
      "  0.32622966 0.12953161 0.10414709 0.26479784]\n",
      " [0.31392862 0.02306449 0.38696483 0.02378556 0.30526831 0.03577792\n",
      "  0.3808258  0.15120936 0.12157662 0.30911306]\n",
      " [0.47433349 0.03484951 0.58468827 0.03593903 0.46124811 0.054059\n",
      "  0.57541243 0.22847125 0.18369737 0.46705738]\n",
      " [0.72860382 0.05353087 0.89811517 0.05520443 0.70850391 0.08303776\n",
      "  0.88386695 0.35094512 0.28216984 0.71742729]\n",
      " [0.61117211 0.04490311 0.75336271 0.04630694 0.59431178 0.06965427\n",
      "  0.74141093 0.29438203 0.23669151 0.60179694]\n",
      " [0.63293936 0.04650236 0.78019416 0.04795618 0.61547854 0.07213505\n",
      "  0.76781671 0.30486662 0.24512142 0.62323029]]\n",
      "[[2. 0. 1. 1.]]\n",
      "[-0.31756311  0.04613476]\n"
     ]
    },
    {
     "name": "stderr",
     "output_type": "stream",
     "text": [
      "G:\\Users\\Administrator\\Anaconda3\\lib\\site-packages\\ipykernel_launcher.py:401: FutureWarning: Using a non-tuple sequence for multidimensional indexing is deprecated; use `arr[tuple(seq)]` instead of `arr[seq]`. In the future this will be interpreted as an array index, `arr[np.array(seq)]`, which will result either in an error or a different result.\n"
     ]
    }
   ],
   "source": [
    "import numpy as np\n",
    "#创建一个5x5的矩阵，其中每行的数值范围从0到4 \n",
    "#(提示: np.arange)\n",
    "Z = np.zeros((5,5))\n",
    "Z += np.arange(5)\n",
    "print (Z)\n",
    "\n",
    "\n",
    "#通过考虑一个可生成10个整数的函数，来构建一个数组\n",
    "#(提示: np.fromiter)\n",
    "def generate():\n",
    "     for x in range(10):\n",
    "         yield x\n",
    "Z = np.fromiter(generate(),dtype=float,count=-1)\n",
    "print (Z)\n",
    "\n",
    "#创建一个长度为10的随机向量，其值域范围从0到1，但是不包括0和1\n",
    "#(提示: np.linspace)\n",
    "Z = np.linspace(0,1,11,endpoint=False)[1:]\n",
    "print (Z)\n",
    "\n",
    "# 创建一个长度为10的随机向量，并将其排序\n",
    "#(提示: sort)\n",
    "Z = np.random.random(10)\n",
    "Z.sort()\n",
    "print (Z)\n",
    "\n",
    "#对于一个小数组，如何用比 np.sum更快的方式对其求和？\n",
    "#(提示: np.add.reduce)\n",
    "Z = np.arange(10)\n",
    "np.add.reduce(Z)\n",
    "\n",
    "#对于两个随机数组A和B，检查它们是否相等\n",
    "#(提示: np.allclose, np.array_equal)\n",
    "A = np.random.randint(0,2,5)\n",
    "B = np.random.randint(0,2,5)\n",
    "# # Assuming identical shape of the arrays and a tolerance for the comparison of values\n",
    "equal = np.allclose(A,B)\n",
    "print(equal)\n",
    "# # 方法2\n",
    "# # Checking both the shape and the element values, no tolerance (values have to be exactly equal)\n",
    "equal = np.array_equal(A,B)\n",
    "print(equal)\n",
    "\n",
    "#创建一个只读数组(read-only)\n",
    "#(提示: flags.writeable)\n",
    "# 使用如下过程实现\n",
    "#Z = np.zeros(10)\n",
    "#Z.flags.writeable = False\n",
    "#Z[0] = 1\n",
    "\n",
    "#将笛卡尔坐标下的一个10x2的矩阵转换为极坐标形式\n",
    "#(hint: np.sqrt, np.arctan2)\n",
    "Z = np.random.random((10,2))\n",
    "X,Y = Z[:,0], Z[:,1]\n",
    "R = np.sqrt(X**2+Y**2)\n",
    "T = np.arctan2(Y,X)\n",
    "print (R)\n",
    "print (T)\n",
    "\n",
    "#创建一个长度为10的向量，并将向量中最大值替换为1 \n",
    "#(提示: argmax)\n",
    "Z = np.random.random(10)\n",
    "Z[Z.argmax()] = 0\n",
    "print (Z)\n",
    "\n",
    "\n",
    "#创建一个结构化数组，并实现 x 和 y 坐标覆盖 [0,1]x[0,1] 区域\n",
    "#(提示: np.meshgrid)\n",
    "Z = np.zeros((5,5), [('x',float),('y',float)])\n",
    "Z['x'], Z['y'] = np.meshgrid(np.linspace(0,1,5),\n",
    "                              np.linspace(0,1,5))\n",
    "print(Z)\n",
    "\n",
    "\n",
    "# 给定两个数组X和Y，构造Cauchy矩阵C (Cij =1/(xi - yj))\n",
    "# (提示: np.subtract.outer)\n",
    "\n",
    "X = np.arange(8)\n",
    "Y = X + 0.5\n",
    "C = 1.0 / np.subtract.outer(X, Y)\n",
    "print(np.linalg.det(C))\n",
    "\n",
    "\n",
    "# 打印每个numpy标量类型的最小值和最大值？ (★★☆)\n",
    "# (提示: np.iinfo, np.finfo, eps)\n",
    "\n",
    "for dtype in [np.int8, np.int32, np.int64]:\n",
    "    print(np.iinfo(dtype).min)\n",
    "    print(np.iinfo(dtype).max)\n",
    "\n",
    "for dtype in [np.float32, np.float64]:\n",
    "    print(np.finfo(dtype).min)\n",
    "    print(np.finfo(dtype).max)\n",
    "    print(np.finfo(dtype).eps)\n",
    "\n",
    "# 如何打印一个数组中的所有数值? (★★☆)\n",
    "# (提示: np.set_printoptions)\n",
    "\n",
    "#np.set_printoptions(threshold=np.nan)\n",
    "#Z = np.zeros((16,16))\n",
    "#print (Z)\n",
    "\n",
    "# 给定标量时，如何找到数组中最接近标量的值？(★★☆)\n",
    "# (提示: argmin)\n",
    "\n",
    "Z = np.arange(100)\n",
    "v = np.random.uniform(0,100)\n",
    "index = (np.abs(Z-v)).argmin()\n",
    "print (Z[index])\n",
    "\n",
    "#  创建一个表示位置(x,y)和颜色(r,g,b)的结构化数组(★★☆)\n",
    "# (提示: dtype)\n",
    "\n",
    "Z = np.zeros(10, [ ('position', [ ('x', float, 1),\n",
    "                                  ('y', float, 1)]),\n",
    "                   ('color',    [ ('r', float, 1),\n",
    "                                  ('g', float, 1),\n",
    "                                  ('b', float, 1)])])\n",
    "print (Z)\n",
    "\n",
    "# 对一个表示坐标形状为(100,2)的随机向量，找到点与点的距离(★★☆)\n",
    "# (提示: np.atleast_2d, T, np.sqrt)\n",
    "\n",
    "Z = np.random.random((10,2))\n",
    "X,Y = np.atleast_2d(Z[:,0], Z[:,1])\n",
    "D = np.sqrt( (X-X.T)**2 + (Y-Y.T)**2)\n",
    "print (D)\n",
    "\n",
    "# 方法2\n",
    "# Much faster with scipy\n",
    "import scipy\n",
    "# Thanks Gavin Heverly-Coulson (#issue 1)\n",
    "import scipy.spatial\n",
    "D = scipy.spatial.distance.cdist(Z,Z)\n",
    "print (D)\n",
    "\n",
    "\n",
    "# 如何将32位的浮点数(float)转换为对应的整数(integer)?\n",
    "# (提示: astype(copy=False))\n",
    "Z = np.arange(10, dtype=np.int32)\n",
    "Z = Z.astype(np.float32, copy=False)\n",
    "print (Z)\n",
    "\n",
    "# 如何读取以下文件? \n",
    "# (提示: np.genfromtxt)\n",
    "\n",
    "# 1, 2, 3, 4, 5\n",
    "# 6,  ,  , 7, 8\n",
    "#  ,  , 9,10,11\n",
    "\n",
    "# 对于numpy数组，enumerate的等价操作是什么？(★★☆)\n",
    "# (提示: np.ndenumerate, np.ndindex)\n",
    "\n",
    "Z = np.arange(9).reshape(3,3)\n",
    "for index, value in np.ndenumerate(Z):\n",
    "    print (index, value)\n",
    "for index in np.ndindex(Z.shape):\n",
    "    print (index, Z[index])\n",
    "# 56. 生成一个通用的二维Gaussian-like数组 (★★☆)\n",
    "# (提示: np.meshgrid, np.exp)\n",
    "\n",
    "X, Y = np.meshgrid(np.linspace(-1,1,10), np.linspace(-1,1,10))\n",
    "D = np.sqrt(X*X+Y*Y)\n",
    "sigma, mu = 1.0, 0.0\n",
    "G = np.exp(-( (D-mu)**2 / ( 2.0 * sigma**2 ) ) )\n",
    "print (G)\n",
    "# 57. 对一个二维数组，如何在其内部随机放置p个元素? (★★☆)\n",
    "# (提示: np.put, np.random.choice)\n",
    "\n",
    "n = 10\n",
    "p = 3\n",
    "Z = np.zeros((n,n))\n",
    "np.put(Z, np.random.choice(range(n*n), p, replace=False),1)\n",
    "print (Z)\n",
    "# 58. 减去一个矩阵中的每一行的平均值 (★★☆)\n",
    "# (提示: mean(axis=,keepdims=))\n",
    "\n",
    "X = np.random.rand(5, 10)\n",
    "# Recent versions of numpy\n",
    "Y = X - X.mean(axis=1, keepdims=True)\n",
    "print(Y)\n",
    "# 方法2\n",
    "# Older versions of numpy\n",
    "Y = X - X.mean(axis=1).reshape(-1, 1)\n",
    "print (Y)\n",
    "# 59. 如何通过第n列对一个数组进行排序? (★★☆)\n",
    "# (提示: argsort)\n",
    "\n",
    "Z = np.random.randint(0,10,(3,3))\n",
    "print (Z)\n",
    "print (Z[Z[:,1].argsort()])\n",
    "# 60. 如何检查一个二维数组是否有空列？(★★☆)\n",
    "# (提示: any, ~)\n",
    "\n",
    "Z = np.random.randint(0,3,(3,10))\n",
    "print ((~Z.any(axis=0)).any())\n",
    "# 61. 从数组中的给定值中找出最近的值 (★★☆)\n",
    "# (提示: np.abs, argmin, flat)\n",
    "\n",
    "Z = np.random.uniform(0,1,10)\n",
    "z = 0.5\n",
    "m = Z.flat[np.abs(Z - z).argmin()]\n",
    "print (m)\n",
    "# 62. 如何用迭代器(iterator)计算两个分别具有形状(1,3)和(3,1)的数组? (★★☆)\n",
    "# (提示: np.nditer)\n",
    "\n",
    "A = np.arange(3).reshape(3,1)\n",
    "B = np.arange(3).reshape(1,3)\n",
    "it = np.nditer([A,B,None])\n",
    "for x,y,z in it: \n",
    "    z[...] = x + y\n",
    "print (it.operands[2])\n",
    "# 63. 创建一个具有name属性的数组类(★★☆)\n",
    "# (提示: class方法)\n",
    "\n",
    "class NamedArray(np.ndarray):\n",
    "    def __new__(cls, array, name=\"no name\"):\n",
    "        obj = np.asarray(array).view(cls)\n",
    "        obj.name = name\n",
    "        return obj\n",
    "    def __array_finalize__(self, obj):\n",
    "        if obj is None: return\n",
    "        self.info = getattr(obj, 'name', \"no name\")\n",
    "\n",
    "Z = NamedArray(np.arange(10), \"range_10\")\n",
    "print (Z.name)\n",
    "# 64. 考虑一个给定的向量，如何对由第二个向量索引的每个元素加1(小心重复的索引)? (★★★)\n",
    "# (提示: np.bincount | np.add.at)\n",
    "\n",
    "Z = np.ones(10)\n",
    "I = np.random.randint(0,len(Z),20)\n",
    "Z += np.bincount(I, minlength=len(Z))\n",
    "print(Z)\n",
    "# 方法2\n",
    "np.add.at(Z, I, 1)\n",
    "print(Z)\n",
    "# 65. 根据索引列表(I)，如何将向量(X)的元素累加到数组(F)? (★★★)\n",
    "# (提示: np.bincount)\n",
    "\n",
    "X = [1,2,3,4,5,6]\n",
    "I = [1,3,9,3,4,1]\n",
    "F = np.bincount(I,X)\n",
    "print (F)\n",
    "# 66. 考虑一个(dtype=ubyte) 的 (w,h,3)图像，计算其唯一颜色的数量(★★★)\n",
    "# (提示: np.unique)\n",
    "\n",
    "w,h = 16,16\n",
    "I = np.random.randint(0,2,(h,w,3)).astype(np.ubyte)\n",
    "#Note that we should compute 256*256 first. \n",
    "#Otherwise numpy will only promote F.dtype to 'uint16' and overfolw will occur\n",
    "F = I[...,0]*(256*256) + I[...,1]*256 +I[...,2]\n",
    "n = len(np.unique(F))\n",
    "print (n)\n",
    "# 67. 考虑一个四维数组，如何一次性计算出最后两个轴(axis)的和？ (★★★)\n",
    "# (提示: sum(axis=(-2,-1)))\n",
    "\n",
    "A = np.random.randint(0,10,(3,4,3,4))\n",
    "# solution by passing a tuple of axes (introduced in numpy 1.7.0)\n",
    "sum = A.sum(axis=(-2,-1))\n",
    "print (sum)\n",
    "# 方法2\n",
    "sum = A.reshape(A.shape[:-2] + (-1,)).sum(axis=-1)\n",
    "print (sum)\n",
    "# 68. 考虑一个一维向量D，如何使用相同大小的向量S来计算D子集的均值？(★★★)\n",
    "# (提示: np.bincount)\n",
    "\n",
    "D = np.random.uniform(0,1,100)\n",
    "S = np.random.randint(0,10,100)\n",
    "D_sums = np.bincount(S, weights=D)\n",
    "D_counts = np.bincount(S)\n",
    "D_means = D_sums / D_counts\n",
    "print (D_means)\n",
    "# 方法2\n",
    "import pandas as pd\n",
    "print(pd.Series(D).groupby(S).mean())\n",
    "# 69. 如何获得点积 dot prodcut的对角线? (★★★)\n",
    "# (提示: np.diag)\n",
    "\n",
    "A = np.random.uniform(0,1,(5,5))\n",
    "B = np.random.uniform(0,1,(5,5))\n",
    "# slow version\n",
    "np.diag(np.dot(A, B))\n",
    "# 方法2\n",
    "# Fast version\n",
    "np.sum(A * B.T, axis=1)\n",
    "# 方法3\n",
    "# Faster version\n",
    "np.einsum(\"ij,ji->i\", A, B)\n",
    "# 70. 考虑一个向量[1,2,3,4,5],如何建立一个新的向量，在这个新向量中每个值之间有3个连续的零？(★★★)\n",
    "# (提示: array[::4])\n",
    "\n",
    "Z = np.array([1,2,3,4,5])\n",
    "nz = 3\n",
    "Z0 = np.zeros(len(Z) + (len(Z)-1)*(nz))\n",
    "Z0[::nz+1] = Z\n",
    "print (Z0)\n",
    "# 71. 考虑一个维度(5,5,3)的数组，如何将其与一个(5,5)的数组相乘？(★★★)\n",
    "# (提示: array[:, :, None])\n",
    "\n",
    "A = np.ones((5,5,3))\n",
    "B = 2*np.ones((5,5))\n",
    "print (A * B[:,:,None])\n",
    "# 72. 如何对一个数组中任意两行做交换? (★★★)\n",
    "# (提示: array[[]] = array[[]])\n",
    "\n",
    "A = np.arange(25).reshape(5,5)\n",
    "A[[0,1]] = A[[1,0]]\n",
    "print (A)\n",
    "# 73. 考虑一个可以描述10个三角形的triplets，找到可以分割全部三角形的line segment\n",
    "# Consider a set of 10 triplets describing 10 triangles (with shared vertices), find the set of unique line segments composing all the triangles (★★★)\n",
    "# (提示: repeat, np.roll, np.sort, view, np.unique)\n",
    "\n",
    "faces = np.random.randint(0,100,(10,3))\n",
    "F = np.roll(faces.repeat(2,axis=1),-1,axis=1)\n",
    "F = F.reshape(len(F)*3,2)\n",
    "F = np.sort(F,axis=1)\n",
    "G = F.view( dtype=[('p0',F.dtype),('p1',F.dtype)] )\n",
    "G = np.unique(G)\n",
    "print (G)\n",
    "# 74. 给定一个二进制的数组C，如何产生一个数组A满足np.bincount(A)==C(★★★)\n",
    "# (提示: np.repeat)\n",
    "\n",
    "C = np.bincount([1,1,2,3,4,4,6])\n",
    "A = np.repeat(np.arange(len(C)), C)\n",
    "print (A)\n",
    "# 75. 如何通过滑动窗口计算一个数组的平均数? (★★★)\n",
    "# (提示: np.cumsum)\n",
    "\n",
    "def moving_average(a, n=3) :\n",
    "    ret = np.cumsum(a, dtype=float)\n",
    "    ret[n:] = ret[n:] - ret[:-n]\n",
    "    return ret[n - 1:] / n\n",
    "Z = np.arange(20)\n",
    "\n",
    "print(moving_average(Z, n=3))\n",
    "# 76. Consider a one-dimensional array Z, build a two-dimensional array whose first row is (Z[0],Z[1],Z[2]) and each subsequent row is shifted by 1 (last row should be (Z[-3],Z[-2],Z[-1]) (★★★)\n",
    "# (提示: from numpy.lib import stride_tricks)\n",
    "\n",
    "from numpy.lib import stride_tricks\n",
    "\n",
    "def rolling(a, window):\n",
    "    shape = (a.size - window + 1, window)\n",
    "    strides = (a.itemsize, a.itemsize)\n",
    "    return stride_tricks.as_strided(a, shape=shape, strides=strides)\n",
    "Z = rolling(np.arange(10), 3)\n",
    "\n",
    "print (Z)\n",
    "# 77. 如何对布尔值取反，或者原位(in-place)改变浮点数的符号(sign)？(★★★)\n",
    "# (提示: np.logical_not, np.negative)\n",
    "\n",
    "Z = np.random.randint(0,2,100)\n",
    "np.logical_not(Z, out=Z)\n",
    "Z = np.random.uniform(-1.0,1.0,100)\n",
    "np.negative(Z, out=Z)\n",
    "# 78. 考虑两组点集P0和P1去描述一组线(二维)和一个点p,如何计算点p到每一条线 i (P0[i],P1[i])的距离？(★★★)\n",
    "def distance(P0, P1, p):\n",
    "    T = P1 - P0\n",
    "    L = (T**2).sum(axis=1)\n",
    "    U = -((P0[:,0]-p[...,0])*T[:,0] + (P0[:,1]-p[...,1])*T[:,1]) / L\n",
    "    U = U.reshape(len(U),1)\n",
    "    D = P0 + U*T - p\n",
    "    return np.sqrt((D**2).sum(axis=1))\n",
    "\n",
    "P0 = np.random.uniform(-10,10,(10,2))\n",
    "P1 = np.random.uniform(-10,10,(10,2))\n",
    "p  = np.random.uniform(-10,10,( 1,2))\n",
    "\n",
    "print (distance(P0, P1, p))\n",
    "# 79.考虑两组点集P0和P1去描述一组线(二维)和一组点集P，如何计算每一个点 j(P[j]) 到每一条线 i (P0[i],P1[i])的距离？(★★★)\n",
    "# based on distance function from previous question\n",
    "P0 = np.random.uniform(-10, 10, (10,2))\n",
    "P1 = np.random.uniform(-10,10,(10,2))\n",
    "p = np.random.uniform(-10, 10, (10,2))\n",
    "print (np.array([distance(P0,P1,p_i) for p_i in p]))\n",
    "# 80.Consider an arbitrary array, write a function that extract a subpart with a fixed shape and centered on a given element (pad with a fill value when necessary) (★★★)\n",
    "# (hint: minimum, maximum)\n",
    "\n",
    "Z = np.random.randint(0,10,(10,10))\n",
    "shape = (5,5)\n",
    "fill  = 0\n",
    "position = (1,1)\n",
    "\n",
    "R = np.ones(shape, dtype=Z.dtype)*fill\n",
    "P  = np.array(list(position)).astype(int)\n",
    "Rs = np.array(list(R.shape)).astype(int)\n",
    "Zs = np.array(list(Z.shape)).astype(int)\n",
    "\n",
    "R_start = np.zeros((len(shape),)).astype(int)\n",
    "R_stop  = np.array(list(shape)).astype(int)\n",
    "Z_start = (P-Rs//2)\n",
    "Z_stop  = (P+Rs//2)+Rs%2\n",
    "\n",
    "R_start = (R_start - np.minimum(Z_start,0)).tolist()\n",
    "Z_start = (np.maximum(Z_start,0)).tolist()\n",
    "R_stop = np.maximum(R_start, (R_stop - np.maximum(Z_stop-Zs,0))).tolist()\n",
    "Z_stop = (np.minimum(Z_stop,Zs)).tolist()\n",
    "\n",
    "r = [slice(start,stop) for start,stop in zip(R_start,R_stop)]\n",
    "z = [slice(start,stop) for start,stop in zip(Z_start,Z_stop)]\n",
    "R[r] = Z[z]\n",
    "print (Z)\n",
    "print (R)\n",
    "# 81. 考虑一个数组Z = [1,2,3,4,5,6,7,8,9,10,11,12,13,14],如何生成一个数组R = [[1,2,3,4], [2,3,4,5], [3,4,5,6], ...,[11,12,13,14]]? (★★★)\n",
    "# (提示: stride_tricks.as_strided)\n",
    "\n",
    "Z = np.arange(1,15,dtype=np.uint32)\n",
    "R = stride_tricks.as_strided(Z,(11,4),(4,4))\n",
    "print (R)\n",
    "# 82. 计算一个矩阵的秩(★★★)\n",
    "# (提示: np.linalg.svd)\n",
    "\n",
    "Z = np.random.uniform(0,1,(10,10))\n",
    "U, S, V = np.linalg.svd(Z) # Singular Value Decomposition\n",
    "rank = np.sum(S > 1e-10)\n",
    "print (rank)\n",
    "# 83. 如何找到一个数组中出现频率最高的值？\n",
    "# (提示: np.bincount, argmax)\n",
    "\n",
    "Z = np.random.randint(0,10,50)\n",
    "print (np.bincount(Z).argmax())\n",
    "# 84. 从一个10x10的矩阵中提取出连续的3x3区块(★★★)\n",
    "# (提示: stride_tricks.as_strided)\n",
    "\n",
    "Z = np.random.randint(0,5,(10,10))\n",
    "n = 3\n",
    "i = 1 + (Z.shape[0]-3)\n",
    "j = 1 + (Z.shape[1]-3)\n",
    "C = stride_tricks.as_strided(Z, shape=(i, j, n, n), strides=Z.strides + Z.strides)\n",
    "print (C)\n",
    "# 85. 创建一个满足 Z[i,j] == Z[j,i]的子类 (★★★)\n",
    "# (提示: class 方法)\n",
    "\n",
    "class Symetric(np.ndarray):\n",
    "    def __setitem__(self, index, value):\n",
    "        i,j = index\n",
    "        super(Symetric, self).__setitem__((i,j), value)\n",
    "        super(Symetric, self).__setitem__((j,i), value)\n",
    "\n",
    "def symetric(Z):\n",
    "    return np.asarray(Z + Z.T - np.diag(Z.diagonal())).view(Symetric)\n",
    "\n",
    "S = symetric(np.random.randint(0,10,(5,5)))\n",
    "S[2,3] = 42\n",
    "print (S)\n",
    "# 86. 考虑p个 nxn 矩阵和一组形状为(n,1)的向量，如何直接计算p个矩阵的乘积(n,1)？(★★★)\n",
    "# (提示: np.tensordot)\n",
    "\n",
    "p, n = 10, 20\n",
    "M = np.ones((p,n,n))\n",
    "V = np.ones((p,n,1))\n",
    "S = np.tensordot(M, V, axes=[[0, 2], [0, 1]])\n",
    "print (S)\n",
    "#It works, because:\n",
    "M is (p,n,n)\n",
    "V is (p,n,1)\n",
    "#Thus, summing over the paired axes 0 and 0 (of M and V independently),\n",
    "#and 2 and 1, to remain with a (n,1) vector.\n",
    "# 87. 对于一个16x16的数组，如何得到一个区域(block-sum)的和(区域大小为4x4)? (★★★)\n",
    "# (提示: np.add.reduceat)\n",
    "\n",
    "Z = np.ones((16,16))\n",
    "k = 4\n",
    "S = np.add.reduceat(np.add.reduceat(Z, np.arange(0, Z.shape[0], k), axis=0),\n",
    "                                       np.arange(0, Z.shape[1], k), axis=1)\n",
    "print (S)\n",
    "                                                                                                                                                   \n",
    "# 88. 如何利用numpy数组实现Game of Life? (★★★)\n",
    "# (提示: Game of Life)\n",
    "\n",
    "def iterate(Z):\n",
    "    # Count neighbours\n",
    "    N = (Z[0:-2,0:-2] + Z[0:-2,1:-1] + Z[0:-2,2:] +\n",
    "         Z[1:-1,0:-2]                + Z[1:-1,2:] +\n",
    "         Z[2:  ,0:-2] + Z[2:  ,1:-1] + Z[2:  ,2:])\n",
    "\n",
